RESULTS:
Metrics for label 1:
Precision:	 0.9175257731958762
Recall:	 0.89
F-Score:	 0.9035532994923858

Metrics for label 0:
Precision:	 0.8932038834951457
Recall:	 0.92
F-Score:	 0.9064039408866995

Average and Accuracy:
Precision:	 0.9053648283455109
Recall:	 0.905
F-Score:	 0.9049786201895427
Accuracy:	 0.905
