RESULTS:
Metrics for label 1:
Precision:	 0.7924528301886793
Recall:	 0.84
F-Score:	 0.8155339805825242

Metrics for label 0:
Precision:	 0.8260869565217391
Recall:	 0.7755102040816326
F-Score:	 0.8

Average and Accuracy:
Precision:	 0.8092698933552092
Recall:	 0.8077551020408162
F-Score:	 0.8077669902912621
Accuracy:	 0.8080808080808081
