RESULTS:
Metrics for label 1:
Precision:	 0.8666666666666667
Recall:	 0.78
F-Score:	 0.8210526315789474

Metrics for label 0:
Precision:	 0.7962962962962963
Recall:	 0.8775510204081632
F-Score:	 0.8349514563106796

Average and Accuracy:
Precision:	 0.8314814814814815
Recall:	 0.8287755102040817
F-Score:	 0.8280020439448135
Accuracy:	 0.8282828282828283
