RESULTS:
Metrics for label 1:
Precision:	 0.88
Recall:	 0.66
F-Score:	 0.7542857142857142

Metrics for label 0:
Precision:	 0.728
Recall:	 0.91
F-Score:	 0.8088888888888889

Average and Accuracy:
Precision:	 0.804
Recall:	 0.785
F-Score:	 0.7815873015873016
Accuracy:	 0.785
